432
68448
173346
173346
45319
120
31260
127398
8166
18058
342942
230802
340677
1231
317985
638
2453
132
150
822
2310
18602
178900
245638
39463
30380
539
74102
84876
36218
1376
376
19
316554
503
191972
1336
177736
6657
93
200
21704
32125
4370
169124
305
2651
23686
174430
174430
132372
116
98778
15818
175
37380
154203
148949
54043
254640
394
108157
315767
34585
70323
107529
27162
612
1117
174155
11945
143884
171623
314491
559
172386
66589
293014
130060
164928
106753
15505
284108
8203
14035
156009
291457
28143
9440
51
277
18
283387
144733
831
39242
169786
34320
13
278
1116
34635
1111
229853
324856
53953
21790
215
9028
932
102680
16267
233078
31479
90870
21632
94
2539
2596
183394
266192
235922
22345
9209