12
42
227935
245638
255984
279537
283387
284378
284653
291453
293014
295770
295947
310873
314491
315727
317985
322289
328565
329500
329839
330510
330510
332772
340325
340677
347703
350184
351040
353745
355888
358320
359871
365717
366013
370581
371077
371688
375459
379629
383607
385610
385761
391137
393163
393165
395848
396790
396895
399806
399822
399959
400366
400602
402276
402677
407233
411875
414764
415792
418059
420315
422674
424573
429405
429653
431837
432834
439742
439983
446492
446493
447243
447589
448159
451214
452264
454909
457476
457557
457567
